7 7.575481 7.639545 13.825445 8.962230 8.159192 7.420788
8 7.467416 7.310176 13.329772 8.949878 7.764682 7.372970
9 7.533567 6.999459 13.147370 8.692746 7.551382 7.165656
10 7.649056 6.915940 13.073123 8.712082 7.550280 7.016255
11 7.621788 6.884279 13.027132 8.631607 7.477575 6.948436
12 7.590232 7.431681 12.999662 8.653264 7.429986
13 7.569062 7.421024 12.920091 8.608372 7.402997
14 7.599495 7.415735 12.950676 8.609267 7.416852
15 7.619852 7.411892 12.987278 8.634745 7.425377
16 7.783510 7.405004 12.973135 8.639196 7.405389
17 8.369338 7.409259 12.977992 8.647295 7.409818
18 8.664600 7.416536 12.985280 8.662385 7.422406
19 8.823117 7.425684 12.986429 8.669056 7.435999
20 8.899876 8.652745 12.988704 8.656769
